ACTINIUM	89	Ac	112	171	250
4S	0	0	0.05847	0.04571	
5S	0	0	0.01784	0.01345	
6S	0	0.201	0.003725	0.002728	
4P	0	0	0.1954	0.157	
5P	0	0	0.05453	0.04129	
6P	0	2.498	0.009417	0.007287	
4D	0	0	0.4739	0.3766	
5D	0	0	0.09434	0.07183	
6D	3.538	0.6007	0.000907	0.0006842	
4F	0	0	0.926	0.5814	
asymmetry					
4S	2	2	2	2	
5S	2	2	2	2	
6S	2	2	2	2	
4P	0	0	1.329	1.492	
5P	0	0	1.687	1.712	
6P	0	1.401	1.721	1.741	
4D	0	0	0.9112	1.081	
5D	0	0	1.295	1.341	
6D	0.8352	1.481	1.335	1.368	
4F	0	0	0.8997	0.9664	
-					
ALUMINIUM	13	Al	191	166	166
2S	0	0	0.01516	0.0102	
3S	0.3431	0.3339	0.001111	0.0007839	
2P	0	0	0.01276	0.007295	
3P	0.08767	0.1245	0.00007834	0.00004549	
asymmetry					
2S	2	2	2	2	
3S	2	2	2	2	
2P	0	0	1.033	0.9535	
3P	-0.2708	0.9895	1.003	0.922	
-					
AMERICIUM	95	Am	84	92	242
4S	0	0	0.06572	0.05219	
5S	0	0	0.02264	0.01691	
6S	0	0	0.004433	0.003301	
4P	0	0	0.2174	0.1772	
5P	0	0	0.06847	0.05274	
6P	0	3.271	0.01105	0.008285	
4D	0	0	0.5275	0.4334	
5D	0	0	0.1232	0.09483	
4F	0	0	1.331	0.8606	
5F	1.448	8.824	0.05816	0.03914	
-					
ANTIMONY	51	Sb	158	99	181
3S	0	0	0.06411	0.04942	
4S	0	0	0.01612	0.01193	
5S	0.04432	0.2018	0.002001	0.001459	
3P	0	0	0.2652	0.201	
4P	0	0	0.05359	0.03915	
5P	2.585	0.2875	0.002198	0.001675	
3D	0	0	0.6116	0.381	
4D	0	0	0.06692	0.04324	
asymmetry					
3S	0	0	2	2	
4S	0	2	2	2	
5S	2	2	2	2	
3P	0	0	1.492	1.564	
4P	0	0	1.695	1.69	
5P	1.852	0.8199	1.718	1.717	
3D	0	0	1.152	1.195	
4D	0	0	1.31	1.288	
-					
ARGON	18	Ar	128	209	227
2S	0	0	0.03789	0.02692	
3S	0	0.3353	0.004361	0.00308	
2P	0	0	0.06924	0.04113	
3P	38.01	0.734	0.005158	0.003435	
asymmetry					
2S	2	2	2	2	
3S	2	2	2	2	
2P	0	0	1.321	1.256	
3P	1.542	-0.06933	1.272	1.205	
-					
ARSENIC	33	As	189	128	227
2S	0	0	0	0.08611	
3S	0	0	0.02433	0.01807	
4S	0.002413	0.2096	0.002497	0.001833	
2P	0	0	0	0.5581	
3P	0	0	0.07959	0.05474	
4P	3.856	0.2949	0.002386	0.001702	
3D	0	0	0.04417	0.02517	
asymmetry					
2S	2	2	2	2	
3S	2	2	2	2	
4S	2	2	2	2	
2P	0	0	0	1.131	
3P	0	0	1.587	1.562	
4P	1.878	1.045	1.589	1.575	
3D	0	0	1.105	1.055	
-					
ASTATINE	85	At	117	79	69
4S	0	0	0.05331	0.04135	
5S	0	0	0.01455	0.01096	
6S	0.00418	0.1742	0.002297	0.001694	
4P	0	0	0.1798	0.1426	
5P	0	0	0.04376	0.0331	
6P	7.513	0.9012	0.00414	0.003106	
4D	0	0	0.4311	0.3364	
5D	0	0	0.06951	0.05236	
4F	0	0	0.6948	0.4292	
-					
BARIUM	56	Ba	0	201	0
3S	0	0	0.07531	0.05864	
4S	0	0	0.02214	0.01632	
5S	0	0.2442	0.004013	0.00296	
6S	0.1032	0.06938	0.0003921	0.0002797	
3P	0	0	0.3128	0.244	
4P	0	0	0.07562	0.05605	
5P	0	2.002	0.01108	0.008179	
3D	0	0	0.9444	0.6036	
4D	0	0	0.122	0.08095	
-					
BERKELIUM	97	Bk	138	79	227
4S	0	0	0	0.05436	
5S	0	0	0.02417	0.0183	
4P	0	0	0.2241	0.1837	
5P	0	0	0.07396	0.05637	
6P	0	3.958	0.01229	0.009329	
4D	0	0	0.5425	0.4502	
5D	0	0	0.1338	0.1034	
6D	4.498	0.7824	0.001111	0.0008353	
4F	0	0	1.481	0.9663	
5F	0	3.936	0.08095	0.05454	
-					
BERYLLIUM	4	Be	194	255	0
1S	0	0	0.004475	0.00264	
2S	1.535	0.6471	0.0001535	0.00008797	
asymmetry					
1S	2	2	2	2	
2S	2	2	2	2	
-					
BISMUTH	83	Bi	158	79	181
4S	0	0	0.05075	0.03921	
5S	0	0	0.01311	0.009765	
6S	0.02795	0.1582	0.001783	0.001318	
4P	0	0	0.1715	0.1357	
5P	0	0	0.03867	0.02943	
6P	2.698	0.3526	0.001736	0.001318	
4D	0	0	0.4093	0.3157	
5D	0	8.801	0.05814	0.04369	
4F	0	0	0.5929	0.3632	
-					
BORON	5	B	255	181	181
1S	0	0	0.01095	0.006659	
2S	1.74	1.049	0.0004957	0.0002813	
2P	1.942	0.4218	0.000005037	0.000002722	
asymmetry					
1S	2	2	2	2	
2S	2	2	2	2	
2P	1.475	1.531	0.1466	0.1814	
-					
BROMINE	35	Br	166	41	41
3S	0	0	0.0282	0.02083	
4S	0	0.1898	0.00349	0.002559	
3P	0	0	0.0972	0.06751	
4P	15.57	0.965	0.006361	0.004503	
3D	0	0	0.06786	0.03921	
asymmetry					
3S	2	2	2	2	
4S	2	2	2	2	
3P	0	0	1.6	1.58	
4P	1.783	1.377	1.616	1.595	
3D	0	0	1.134	1.094	
-					
CADMIUM	48	Cd	255	217	143
3S	0	0	0.05736	0.04366	
4S	0	0	0.01298	0.009632	
5S	0.06455	0.09967	0.001002	0.0007574	
3P	0	0	0.2335	0.174	
4P	0	0	0.04172	0.03053	
3D	0	0	0.4519	0.2776	
4D	0	36.91	0.041	0.02659	
asymmetry					
3S	0	0	2	2	
4S	0	2	2	2	
5S	2	2	2	2	
3P	0	0	1.557	1.595	
4P	0	0	1.688	1.681	
3D	0	0	1.195	1.21	
4D	0	0.2531	1.287	1.27	
-					
CAESIUM	55	Cs	87	23	143
3S	0	0	0.07311	0.05687	
4S	0	0	0.02079	0.01546	
5S	0	0.2433	0.003457	0.002573	
6S	0.02431	0.01588	0.0001106	0.00007713	
3P	0	0	0.3037	0.2357	
4P	0	0	0.07114	0.05225	
5P	18.41	1.53	0.009403	0.006866	
3D	0	0	0.8717	0.5539	
4D	0	0	0.1096	0.07226	
-					
CALCIUM	20	Ca	61	255	0
2S	0	0	0.04916	0.0352	
3S	0	0	0.006844	0.00476	
4S	0.1989	0.1269	0.0005194	0.0003663	
2P	0	0	0.1132	0.06865	
3P	0	1.782	0.01122	0.00698	
asymmetry					
2S	2	2	2	2	
3S	2	2	2	2	
4S	2	2	2	2	
2P	0	0	1.391	1.337	
3P	0	1.4	1.35	1.286	
-					
CALIFORNIUM	98	Cf	161	54	212
4S	0	0	0	0.05542	
5S	0	0	0.02495	0.01889	
4P	0	0	0.2285	0.1869	
5P	0	0	0.07624	0.05828	
6P	0	4.165	0.01257	0.009544	
4D	0	0	0.5495	0.4583	
5D	0	0	0.1384	0.1071	
6D	4.555	0.7999	0.001096	0.0008632	
4F	0	0	1.558	1.021	
5F	0	3.35	0.0976	0.0661	
-					
CARBON	6	C	144	144	144
1S	0	0	0.02228	0.01367	
2S	1.23	1.17	0.001028	0.000665	
2P	6.121	1.881	0.00003961	0.00002149	
asymmetry					
1S	2.0	2.0	2.0	2.0	
2S	2.0	2.0	2.0	2.0	
2P	1.309	1.505	0.3801	0.3847	
-					
CERIUM	58	Ce	255	255	199
3S	0	0	0	0.06238	
4S	0	0	0.02424	0.01796	
5S	0	0.2145	0.004347	0.003194	
6S	0.09745	0.06807	0.000413	0.0003037	
3P	0	0	0.3288	0.2601	
4P	0	0	0.0832	0.06196	
5P	0	2.368	0.01231	0.008924	
3D	0	0	1.1	0.7116	
4D	0	0	0.1416	0.09544	
4F	0.6255	2.033	0.003945	0.002211	
-					
CHLORINE	17	Cl	31	240	31
2S	0	0	0.03285	0.02299	
3S	0	0.402	0.003633	0.002598	
2P	0	0	0.05215	0.03103	
3P	13.88	0.6423	0.003219	0.001952	
asymmetry					
2S	2	2	2	2	
3S	2	2	2	2	
2P	0	0	1.277	1.207	
3P	1.774	-0.1939	1.229	1.159	
-					
CHROMIUM	24	Cr	138	153	199
2S	0	0	0.07225	0.05331	
3S	0	0	0.01135	0.008128	
4S	0.06459	0.04686	0.0003035	0.0002162	
2P	0	0	0.254	0.1577	
3P	0	0	0.02483	0.01591	
3D	9.239	8.523	0.001685	0.0008988	
asymmetry					
2S	2	2	2	2	
3S	2	2	2	2	
4S	2	2	2	2	
2P	0	0	1.456	1.435	
3P	0	0	1.464	1.41	
3D	0.09123	0.439	0.862	0.7972	
-					
COBALT	27	Co	240	144	160
2S	0	0	0.08859	0.06704	
3S	0	0	0.01534	0.01113	
4S	0.114	0.1319	0.0009892	0.0007131	
2P	0	0	0.409	0.2591	
3P	0	0	0.03954	0.026	
3D	4.356	8.738	0.006779	0.003727	
asymmetry					
2S	2	2	2	2	
3S	2	2	2	2	
4S	2	2	2	2	
2P	0	0	1.43	1.453	
3P	0	0	1.519	1.479	
3D	-0.1328	0.09736	0.9569	0.9001	
-					
COPPER	29	Cu	200	128	51
2S	0	0	0.09872	0.07563	
3S	0	0	0.0178	0.01297	
4S	0.03608	0.04177	0.0004054	0.0002935	
2P	0	0	0.5347	0.3437	
3P	0	0	0.05019	0.03302	
3D	7.285	9.944	0.0148	0.008139	
asymmetry					
2S	2	2	2	2	
3S	2	2	2	2	
4S	2	2	2	2	
2P	0	0	1.344	1.429	
3P	0	0	1.548	1.51	
3D	-0.2447	0.07413	1.017	0.9557	
-					
CURIUM	96	Cm	120	92	227
4S	0	0	0	0.05326	
5S	0	0	0.02338	0.01771	
4P	0	0	0.2208	0.1805	
5P	0	0	0.07162	0.05447	
6P	0	3.761	0.01199	0.009132	
4D	0	0	0.5352	0.442	
5D	0	0	0.1292	0.09962	
6D	4.427	0.7636	0.001114	0.0008049	
4F	0	0	1.405	0.9125	
5F	0	4.626	0.06579	0.0441	
-					
DYSPROSIUM	66	Dy	31	255	199
4S	0	0	0.03188	0.02417	
5S	0	0	0.005542	0.004175	
6S	0.07466	0.06002	0.0004594	0.0003355	
3P	0	0	0	0	
4P	0	0	0.1101	0.08419	
5P	0	4.55	0.01528	0.01147	
3D	0	0	0	1.245	
4D	0	0	0.2224	0.156	
4F	0.8948	2.748	0.06621	0.03707	
-					
EINSTEINIUM	99	Es	179	31	212
4S	0	0	0	0.05648	
5S	0	0	0.0257	0.01949	
4P	0	0	0	0.1899	
5P	0	0	0.07853	0.06016	
6P	0	4.369	0.01278	0.009825	
4D	0	0	0.5556	0.4658	
5D	0	0	0.1429	0.1108	
6D	4.606	0.817	0.001074	0.0008819	
4F	0	0	1.637	1.078	
5F	0	2.906	0.1151	0.07836	
-					
ERBIUM	68	Er	0	230	117
4S	0	0	0.03369	0.02554	
5S	0	0	0.00582	0.004372	
6S	0.06879	0.05764	0.0004615	0.0003365	
4P	0	0	0.116	0.08918	
5P	0	5.353	0.0156	0.01177	
3D	0	0	0	1.353	
4D	0	0	0.2404	0.1721	
4F	1.034	2.573	0.1007	0.0568	
-					
EUROPIUM	63	Eu	97	255	199
4S	0	0	0.02907	0.02197	
5S	0	0	0.005179	0.003841	
6S	0.08359	0.06343	0.0004506	0.0003401	
3P	0	0	0	0.2908	
4P	0	0	0.101	0.07581	
5P	0	3.566	0.01456	0.01075	
3D	0	0	1.562	1.022	
4D	0	0	0.1931	0.1326	
4F	0.7484	2.986	0.03134	0.01739	
-					
FERMIUM	100	Fm	179	31	186
4S	0	0	0	0.05732	
5S	0	0	0.02647	0.02008	
4P	0	0	0	0.1929	
5P	0	0	0.08076	0.06204	
6P	0	4.584	0.013	0.009991	
4D	0	0	0.5623	0.4733	
5D	0	0	0.1474	0.1145	
6D	4.644	0.8333	0.001053	0.0008855	
4F	0	0	1.716	1.136	
5F	0	2.601	0.1345	0.09207	
-					
FLUORINE	9	F	144	224	80
1S	0	0	0.09487	0.06041	
2S	0	0.5185	0.004358	0.002846	
2P	9.305	8.417	0.001139	0.0006817	
asymmetry					
1S	0	0	2	2	
2S	0	2	2	2	
2P	0.2535	1.16	0.6751	0.6257	
-					
FRANCIUM	87	Fr	66	0	102
4S	0	0	0.05585	0.04357	
5S	0	0	0.01624	0.01209	
6S	0	0.2007	0.00301	0.002222	
7S	0.01814	0.01333	0.00009951	0.00007453	
4P	0	0	0.1877	0.1497	
5P	0	0	0.04862	0.03744	
6P	15.27	1.649	0.007339	0.005282	
4D	0	0	0.453	0.3564	
5D	0	0	0.08246	0.06198	
4F	0	0	0.8048	0.5021	
-					
GADOLINIUM	64	Gd	69	255	199
4S	0	0	0.03024	0.02285	
5S	0	0	0.005571	0.004169	
6S	0.09344	0.07553	0.0005279	0.000393	
4P	0	0	0.1051	0.07917	
5P	0	4.229	0.01589	0.01179	
3D	0	0	1.478	1.091	
4D	0	0	0.2054	0.1422	
5D	4.708	0.7978	0.001273	0.0009494	
4F	0	1.287	0.0386	0.02155	
-					
GALLIUM	31	Ga	194	143	143
2S	0	0	0	0.08392	
3S	0	0	0.02104	0.01526	
4S	0.04727	0.1696	0.00164	0.001193	
2P	0	0	0.6851	0.4412	
3P	0	0	0.0641	0.04302	
4P	0.3982	0.0377	0.0003594	0.0002415	
3D	0	3.626	0.0269	0.01496	
asymmetry					
2S	2	2	2	2	
3S	2	2	2	2	
4S	2	2	2	2	
2P	0	0	1.089	1.352	
3P	0	0	1.572	1.537	
4P	1.883	0.8149	1.576	1.538	
3D	0	-0.09313	1.06	1.002	
-					
GERMANIUM	32	Ge	102	143	143
2S	0	0	0	0.08817	
3S	0	0	0.02268	0.01661	
4S	0.0224	0.1991	0.002063	0.001511	
2P	0	0	0.7071	0.4966	
3P	0	0	0.07128	0.04894	
4P	1.528	0.1323	0.001179	0.0007464	
3D	0	0	0.03462	0.01943	
asymmetry					
2S	2	2	2	2	
3S	2	2	2	2	
4S	2	2	2	2	
2P	0	0	0.6629	1.274	
3P	0	0	1.578	1.552	
4P	1.888	0.912	1.604	1.522	
3D	0	0	1.083	1.031	
-					
GOLD	79	Au	255	209	35
4S	0	0	0.04558	0.03513	
5S	0	0	0.0104	0.007728	
6S	0.01881	0.02865	0.0003643	0.0002709	
4P	0	0	0.1554	0.1223	
5P	0	0	0.03004	0.02265	
4D	0	0	0.3629	0.2739	
5D	25.95	38.67	0.03557	0.02634	
4F	0	0	0.4176	0.2511	
-					
HAFNIUM	72	Hf	77	194	255
4S	0	0	0.03753	0.02864	
5S	0	0	0.006944	0.005227	
6S	0.07176	0.07552	0.0006179	0.0004554	
4P	0	0	0.1289	0.09953	
5P	0	0	0.01889	0.01426	
4D	0	0	0.2819	0.2049	
5D	11.05	2.598	0.003377	0.00245	
4F	0	0.9905	0.1922	0.1108	
-					
HELIUM	2	He	217	255	255
1S	0	2.777	0.0001893	0.0001197	
asymmetry					
1S	2.0	2.0	2.0	2.0	
-					
HOLMIUM	67	Ho	0	255	156
4S	0	0	0.03281	0.02482	
5S	0	0	0.005676	0.004272	
6S	0.07172	0.05884	0.0004605	0.0003357	
4P	0	0	0.113	0.08671	
5P	0	4.933	0.01548	0.01164	
3D	0	0	0	1.327	
4D	0	0	0.231	0.1646	
4F	0.961	2.659	0.08226	0.04616	
-					
HYDROGEN	1	H	255	255	255
1S	1.884	0.2892	0.000005522	0.000002755	
asymmetry					
1S	2.0	2.0	2.0	2.0	
-					
INDIUM	49	In	166	117	115
3S	0	0	0.05964	0.04559	
4S	0	0	0.01406	0.01027	
5S	0.07224	0.1482	0.001376	0.001024	
3P	0	0	0.2442	0.183	
4P	0	0	0.04562	0.0331	
5P	0.3556	0.04663	0.0003715	0.0002737	
3D	0	0	0.5017	0.3098	
4D	0	27.2	0.04903	0.0315	
asymmetry					
3S	0	0	2	2	
4S	0	2	2	2	
5S	2	2	2	2	
3P	0	0	1.54	1.587	
4P	0	0	1.692	1.683	
5P	1.819	0.8089	1.702	1.695	
3D	0	0	1.184	1.208	
4D	0	0.02325	1.295	1.27	
-					
IODINE	53	I	148	0	148
3S	0	0	0.06843	0.0532	
4S	0	0	0.01839	0.01365	
5S	0	0.2169	0.002598	0.001977	
3P	0	0	0.2847	0.2186	
4P	0	0	0.06208	0.04544	
5P	7.985	0.7803	0.00541	0.003812	
3D	0	0	0.7359	0.462	
4D	0	0	0.08728	0.05671	
asymmetry					
3S	0	0	2	2	
4S	0	2	2	2	
5S	2	2	2	2	
3P	0	0	1.421	1.53	
4P	0	0	1.697	1.694	
5P	1.882	0.9759	1.722	1.703	
3D	0	0	1.106	1.172	
4D	0	0	1.322	1.301	
-					
IRIDIUM	77	Ir	23	84	135
4S	0	0	0.04314	0.03324	
5S	0	0	0.009378	0.007072	
6S	0.05175	0.08275	0.0008514	0.0006332	
4P	0	0	0.1477	0.1155	
5P	0	0	0.02718	0.02047	
4D	0	0	0.3389	0.2542	
5D	24.29	23.66	0.02224	0.01607	
4F	0	0	0.3438	0.2043	
-					
IRON	26	Fe	224	102	51
2S	0	0	0.08336	0.06252	
3S	0	0	0.01397	0.01018	
4S	0.1328	0.1364	0.0009332	0.0006707	
2P	0	0	0.3529	0.2216	
3P	0	0	0.03442	0.02235	
3D	4.833	8.751	0.004512	0.002285	
asymmetry					
2S	2	2	2	2	
3S	2	2	2	2	
4S	2	2	2	2	
2P	0	0	1.449	1.453	
3P	0	0	1.501	1.458	
3D	-0.1604	0.1808	0.9315	0.8663	
-					
KRYPTON	36	Kr	92	184	209
3S	0	0	0.03019	0.0224	
4S	0	0.1634	0.003928	0.002941	
3P	0	0	0.1063	0.07449	
4P	28.51	1.578	0.009539	0.006305	
3D	0	0	0.08323	0.04756	
asymmetry					
3S	0	0	2	2	
4S	0	2	2	2	
3P	0	0	1.605	1.588	
4P	1.686	1.52	1.634	1.586	
3D	0	0	1.153	1.106	
-					
LANTHANUM	57	La	112	212	255
3S	0	0	0	0.06054	
4S	0	0	0.02343	0.01732	
5S	0	0	0.004501	0.003304	
6S	0.1165	0.08278	0.0004684	0.0003354	
3P	0	0	0.321	0.2522	
4P	0	0	0.08046	0.05969	
5P	0	2.428	0.01267	0.009316	
3D	0	0	1.02	0.6559	
4D	0	0	0.1343	0.08973	
5D	4.085	0.5192	0.001122	0.0007626	
-					
LAWRENCIUM	103	Lr	199	0	102
5S	0	0	0.02874	0.02183	
6S	0	0	0.005592	0.004236	
4P	0	0	0	0.2013	
5P	0	0	0.08693	0.06782	
6P	0	5.305	0.01383	0.01061	
4D	0	0	0.5744	0.4944	
5D	0	0	0.1598	0.1254	
6D	4.705	0.8836	0.001114	0.0008333	
4F	0	0	1.963	1.32	
5F	0	2.382	0.2016	0.1399	
-					
LEAD	82	Pb	87	89	97
4S	0	0	0.04949	0.03816	
5S	0	0	0.01242	0.009206	
6S	0.03914	0.1411	0.001529	0.001131	
4P	0	0	0.1674	0.1322	
5P	0	0	0.03644	0.02775	
6P	1.303	0.1797	0.0009022	0.0006851	
4D	0	0	0.398	0.3052	
5D	0	42.89	0.05258	0.03933	
4F	0	0	0.5452	0.333	
-					
LITHIUM	3	Li	204	128	255
1S	0	0	0.001313	0.0007912	
2S	0.4805	0.1387	0.00001694	0.00001029	
asymmetry					
1S	2	2	2	2	
2S	2	2	2	2	
-					
LUTETIUM	71	Lu	0	171	36
4S	0	0	0.0365	0.02778	
5S	0	0	0.006484	0.004846	
6S	0.07067	0.06762	0.0005502	0.0004038	
4P	0	0	0.1252	0.09678	
5P	0	7.245	0.01748	0.01317	
4D	0	0	0.2699	0.196	
5D	4.505	1.001	0.001292	0.0009759	
4F	0	1.217	0.167	0.09625	
-					
MAGNESIUM	12	Mg	138	255	0
1S	0	0	0	0.1524	
2S	0	0	0.01168	0.007782	
3S	0.2714	0.1918	0.0005797	0.000389	
2P	0	0	0.007752	0.004669	
asymmetry					
1S	2	2	2	2	
2S	2	2	2	2	
3S	2	2	2	2	
2P	0	0	0.9517	0.8688	
-					
MANGANESE	25	Mn	156	122	199
2S	0	0	0.07784	0.05792	
3S	0	0	0.01279	0.009145	
4S	0.151	0.1407	0.000875	0.00063	
2P	0	0	0.3011	0.1878	
3P	0	0	0.02963	0.01925	
3D	5.344	8.354	0.002644	0.001485	
asymmetry					
2S	2	2	2	2	
3S	2	2	2	2	
4S	2	2	2	2	
2P	0	0	1.457	1.447	
3P	0	0	1.484	1.437	
3D	-0.1373	0.269	0.8998	0.8312	
-					
MENDELEVIUM	101	Md	179	13	166
5S	0	0	0.02724	0.02067	
6S	0	0	0.005359	0.004057	
4P	0	0	0	0.1958	
5P	0	0	0.08298	0.06388	
6P	0	4.813	0.0132	0.01012	
4D	0	0	0.5678	0.4806	
5D	0	0	0.1516	0.1182	
6D	4.668	0.8537	0.001123	0.000819	
4F	0	0	1.797	1.196	
5F	0	2.427	0.1554	0.1069	
-					
MERCURY	80	Hg	184	184	208
4S	0	0	0.04686	0.03613	
5S	0	0	0.01096	0.00832	
6S	0.03832	0.07948	0.0009515	0.0007073	
4P	0	0	0.1593	0.1256	
5P	0	0	0.03199	0.02422	
4D	0	0	0.3747	0.2843	
5D	13.25	46.47	0.04053	0.03054	
4F	0	0	0.4584	0.2767	
-					
MOLYBDENUM	42	Mo	84	181	181
3S	0	0	0.04327	0.03257	
4S	0	0	0.00821	0.006087	
5S	0.04124	0.03754	0.0003026	0.0002234	
3P	0	0	0.1683	0.1211	
4P	0	0	0.02476	0.01773	
3D	0	0	0.2186	0.1303	
4D	26.29	8.484	0.007272	0.004461	
asymmetry					
3S	0	0	2	2	
4S	0	2	2	2	
5S	2	2	2	2	
3P	0	0	1.611	1.612	
4P	0	0	1.667	1.649	
3D	0	0	1.208	1.185	
4D	0.289	1.026	1.235	1.197	
-					
NEODYMIUM	60	Nd	199	255	199
3S	0	0	0	0.06587	
4S	0	0	0.02617	0.01968	
5S	0	0	0.004689	0.003462	
6S	0.09182	0.06629	0.0004307	0.000331	
3P	0	0	0	0.2757	
4P	0	0	0.09082	0.06732	
5P	0	2.79	0.01335	0.009714	
3D	0	0	1.269	0.8284	
4D	0	0	0.162	0.1103	
4F	0.6961	2.833	0.0113	0.006324	
-					
NEON	10	Ne	179	227	245
1S	0	0	0.1328	0.08612	
2S	0	0	0.006211	0.004062	
2P	6.514	8.929	0.002514	0.00136	
asymmetry					
1S	2	2	2	2	
2S	2	2	2	2	
2P	-0.396	0.9739	0.7645	0.6958	
-					
NEPTUNIUM	93	Np	0	128	255
4S	0	0	0.06378	0.05002	
5S	0	0	0.02114	0.01575	
4P	0	0	0.2106	0.1707	
5P	0	0	0.06392	0.04926	
6P	0	3.21	0.01102	0.008473	
4D	0	0	0.5116	0.4151	
5D	0	0	0.1147	0.08778	
6D	4.143	0.7042	0.001028	0.0007798	
4F	0	0	1.188	0.7617	
5F	0.7113	6.266	0.02982	0.01962	
-					
NICKEL	28	Ni	80	208	80
2S	0	0	0.09374	0.07142	
3S	0	0	0.01669	0.0121	
4S	0.09517	0.1271	0.001046	0.0007537	
2P	0	0	0.4691	0.2998	
3P	0	0	0.04539	0.02958	
3D	3.972	8.423	0.01006	0.005501	
asymmetry					
2S	2	2	2	2	
3S	2	2	2	2	
4S	2	2	2	2	
2P	0	0	1.396	1.446	
3P	0	0	1.536	1.493	
3D	-0.05243	0.01699	0.9906	0.9274	
-					
NIOBIUM	41	Nb	115	194	201
3S	0	0	0.04101	0.03069	
4S	0	0	0.007455	0.005471	
5S	0.04208	0.03743	0.0002761	0.0002099	
3P	0	0	0.1572	0.113	
4P	0	0	0.02216	0.01584	
3D	0	0	0.19	0.1124	
4D	22.08	4.677	0.004626	0.002803	
asymmetry					
3S	0	0	2	2	
4S	0	2	2	2	
5S	2	2	2	2	
3P	0	0	1.612	1.611	
4P	0	0	1.661	1.644	
3D	0	0	1.203	1.175	
4D	0.4158	1.141	1.228	1.185	
-					
NITROGEN	7	N	48	80	248
1S	0	0	0.03958	0.02451	
2S	0	1.086	0.001921	0.001192	
2P	9.664	4.336	0.0001655	0.00009072	
asymmetry					
1S	2	2	2	2	
2S	2	2	2	2	
2P	1.071	1.426	0.4775	0.4381	
-					
NOBELIUM	102	No	189	13	135
5S	0	0	0.02799	0.02125	
6S	0	0	0.005465	0.004136	
4P	0	0	0	0.1984	
5P	0	0	0.08516	0.06571	
6P	0	5.044	0.01341	0.01028	
4D	0	0	0.5732	0.4875	
5D	0	0	0.1558	0.1218	
6D	4.684	0.8682	0.001124	0.0008221	
4F	0	0	1.879	1.257	
5F	0	2.357	0.1782	0.1229	
-					
OSMIUM	76	Os	38	102	150
4S	0	0	0.04195	0.0323	
5S	0	0	0.008853	0.006696	
6S	0.05643	0.08333	0.0008144	0.0006043	
4P	0	0	0.1439	0.1123	
5P	0	0	0.02532	0.0191	
4D	0	0	0.327	0.2443	
5D	27.49	17.31	0.01744	0.0122	
4F	0	0	0.3095	0.1833	
-					
OXYGEN	8	O	255	13	13
1S	0	0	0.06354	0.04005	
2S	0	0.8342	0.002943	0.001902	
2P	10.69	6.816	0.0004842	0.0002602	
asymmetry					
1S	2.0	2.0	2.0	2.0	
2S	2.0	2.0	2.0	2.0	
2P	0.737	1.31	0.5852	0.5119	
-					
PALLADIUM	46	Pd	0	105	133
3S	0	0	0.05255	0.03988	
4S	0	0	0.01126	0.008193	
3P	0	0	0.2118	0.1564	
4P	0	0	0.03488	0.02533	
3D	0	0	0.3617	0.2197	
4D	25.94	32.49	0.0272	0.01716	
asymmetry					
3S	0	0	2	2	
4S	0	2	2	2	
5S	2	2	2	2	
3P	0	0	1.584	1.607	
4P	0	0	1.681	1.67	
3D	0	0	1.208	1.207	
4D	-0.09638	0.611	1.274	1.243	
-					
PHOSPHOROU	15	P	255	128	0
2S	0	0	0.02326	0.01603	
3S	0.1714	0.4538	0.002284	0.001471	
2P	0	0	0.02756	0.01621	
3P	1.232	0.5061	0.000844	0.0004998	
asymmetry					
2S	2	2	2	2	
3S	2	2	2	2	
2P	0	0	1.169	1.092	
3P	1.584	0.4839	1.128	1.051	
-					
PHOSPHORUS	15	P	255	128	0
2S	0	0	0.02326	0.01603	
3S	0.1714	0.4538	0.002284	0.001471	
2P	0	0	0.02756	0.01621	
3P	1.232	0.5061	0.000844	0.0004998	
asymmetry					
2S	2	2	2	2	
3S	2	2	2	2	
2P	0	0	1.169	1.092	
3P	1.584	0.4839	1.128	1.051	
-					
PLATINUM	78	Pt	208	208	224
4S	0	0	0.04433	0.03415	
5S	0	0	0.009842	0.00741	
6S	0.02007	0.02926	0.0003541	0.0002615	
4P	0	0	0.1514	0.119	
5P	0	0	0.02846	0.02136	
4D	0	0	0.3508	0.2642	
5D	29.46	31.33	0.02933	0.02141	
4F	0	0	0.3792	0.227	
-					
PLUTONIUM	94	Pu	0	107	255
4S	0	0	0.06502	0.05109	
5S	0	0	0.02186	0.0163	
6S	0	0	0.0043	0.003201	
4P	0	0	0.214	0.1739	
5P	0	0	0.06604	0.0509	
6P	0	3.103	0.01072	0.008048	
4D	0	0	0.5196	0.4247	
5D	0	0	0.1185	0.09087	
4F	0	0	1.259	0.8102	
5F	1.473	9.45	0.04544	0.0306	
-					
POLONIUM	84	Po	171	92	0
4S	0	0	0.05204	0.04028	
5S	0	0	0.01376	0.01041	
6S	0.01448	0.1688	0.002039	0.001503	
4P	0	0	0.1756	0.1392	
5P	0	0	0.04111	0.03149	
6P	4.721	0.5897	0.002818	0.002129	
4D	0	0	0.4201	0.3262	
5D	0	0	0.06369	0.04801	
4F	0	0	0.6431	0.3952	
-					
POTASSIUM	19	K	143	64	212
2S	0	0	0.0434	0.03094	
3S	0	0	0.00549	0.003859	
4S	0.05754	0.02863	0.0001357	0.00009396	
2P	0	0	0.08931	0.0537	
3P	0	1.148	0.007855	0.004929	
asymmetry					
2S	2	2	2	2	
3S	2	2	2	2	
4S	2	2	2	2	
2P	0	0	1.359	1.299	
3P	0	0.5166	1.311	1.244	
-					
PRASEODYMIUM	59	Pr	217	255	199
3S	0	0	0	0.06419	
4S	0	0	0.02525	0.01877	
5S	0	0	0.004517	0.003326	
6S	0.09457	0.06718	0.0004223	0.0003187	
3P	0	0	0.3317	0.2681	
4P	0	0	0.08715	0.06449	
5P	0	2.571	0.01286	0.009315	
3D	0	0	1.183	0.7688	
4D	0	0	0.1518	0.1028	
4F	0.6794	2.543	0.007147	0.004005	
-					
PROMETHIUM	61	Pm	163	255	199
3S	0	0	0	0.0687	
4S	0	0	0.02715	0.02045	
5S	0	0	0.004853	0.003587	
6S	0.08895	0.06528	0.0004381	0.0003385	
3P	0	0	0	0.2826	
4P	0	0	0.09432	0.07018	
5P	0	3.028	0.01373	0.01004	
3D	0	0	1.359	0.89	
4D	0	0	0.1721	0.1179	
4F	0.7066	2.974	0.01658	0.009315	
-					
PROTACTINIUM	91	Pa	0	161	255
4S	0	0	0.06104	0.04785	
5S	0	0	0.01957	0.01452	
4P	0	0	0.2031	0.1639	
5P	0	0	0.05938	0.0452	
6P	0	2.853	0.01031	0.007839	
4D	0	0	0.4938	0.3961	
5D	0	0	0.1051	0.0799	
6D	3.88	0.657	0.0009802	0.0007398	
4F	0	0	1.054	0.6681	
5F	0.6278	5.012	0.0121	0.008039	
-					
RADIUM	88	Ra	0	125	0
4S	0	0	0.05715	0.04464	
5S	0	0	0.01696	0.01282	
6S	0	0.2011	0.003407	0.002488	
7S	0.08069	0.05649	0.0003573	0.0002597	
4P	0	0	0.1916	0.1533	
5P	0	0	0.05145	0.03944	
6P	0	2.097	0.008305	0.006353	
4D	0	0	0.4635	0.3665	
5D	0	0	0.08856	0.06673	
4F	0	0	0.864	0.541	
-					
RADON	86	Rn	66	130	150
4S	0	0	0.05456	0.0425	
5S	0	0	0.01545	0.01146	
6S	0	0.1774	0.00248	0.001919	
4P	0	0	0.1838	0.1462	
5P	0	0	0.04625	0.03513	
6P	11.37	1.279	0.005588	0.00417	
4D	0	0	0.4422	0.3466	
5D	0	0	0.07581	0.05674	
4F	0	0	0.7477	0.4651	
-					
RHENIUM	75	Re	38	125	171
4S	0	0	0.04077	0.03138	
5S	0	0	0.008306	0.006329	
6S	0.06144	0.08402	0.0007766	0.0005712	
4P	0	0	0.1401	0.109	
5P	0	0	0.02382	0.01794	
4D	0	0	0.3151	0.2346	
5D	28.08	12.1	0.01256	0.00916	
4F	0	0	0.2776	0.1631	
-					
RHODIUM	45	Rh	10	125	140
3S	0	0	0.05018	0.03802	
4S	0	0	0.01055	0.007675	
5S	0.03563	0.03661	0.0003486	0.0002536	
3P	0	0	0.2009	0.1475	
4P	0	0	0.03245	0.02345	
3D	0	0	0.321	0.1949	
4D	22.7	27.83	0.02016	0.01265	
asymmetry					
3S	0	0	2	2	
4S	0	2	2	2	
5S	2	2	2	2	
3P	0	0	1.593	1.611	
4P	0	0	1.677	1.664	
3D	0	0	1.21	1.205	
4D	-0.1268	0.6878	1.264	1.231	
-					
RUBIDIUM	37	Rb	112	46	176
3S	0	0	0.0322	0.02399	
4S	0	0.1672	0.004548	0.003341	
5S	0.02721	0.01714	0.000134	0.00009685	
3P	0	0	0.1162	0.08143	
4P	0	2.3	0.01214	0.008598	
3D	0	0	0.09932	0.05805	
asymmetry					
3S	0	0	2	2	
4S	0	2	2	2	
5S	2	2	2	2	
3P	0	0	1.61	1.593	
4P	0	1.683	1.633	1.614	
3D	0	0	1.164	1.124	
-					
RUTHENIUM	44	Ru	36	143	143
3S	0	0	0.04788	0.03622	
4S	0	0	0.009623	0.007145	
5S	0.03767	0.03757	0.0003378	0.0002453	
3P	0	0	0.1899	0.1387	
4P	0	0	0.03012	0.02165	
3D	0	0	0.2836	0.1717	
4D	25.55	20.6	0.01494	0.009311	
asymmetry					
3S	0	0	2	2	
4S	0	2	2	2	
5S	2	2	2	2	
3P	0	0	1.601	1.613	
4P	0	0	1.677	1.661	
3D	0	0	1.21	1.201	
4D	0.01246	0.8005	1.254	1.22	
-					
SAMARIUM	62	Sm	143	255	199
4S	0	0	0.02813	0.02121	
5S	0	0	0.005014	0.003713	
6S	0.08622	0.06436	0.0004449	0.0003411	
3P	0	0	0	0.2886	
4P	0	0	0.09768	0.07302	
5P	0	3.285	0.0141	0.01039	
3D	0	0	1.456	0.9547	
4D	0	0	0.1831	0.1249	
4F	0.7216	3.012	0.02318	0.01294	
-					
SCANDIUM	21	Sc	230	230	230
2S	0	0	0.05488	0.03967	
3S	0	0	0.007886	0.005545	
4S	0.2018	0.1381	0.000606	0.000426	
2P	0	0	0.1419	0.08622	
3P	0	0	0.01417	0.008915	
3D	3.137	1.92	0.0001143	0.00005936	
asymmetry					
2S	2	2	2	2	
3S	2	2	2	2	
4S	2	2	2	2	
2P	0	0	1.417	1.37	
3P	0	0	1.386	1.324	
3D	0.2594	0.6457	0.7486	0.6884	
-					
SELENIUM	34	Se	255	161	0
3S	0	0	0.0262	0.01945	
4S	0	0.2065	0.003009	0.00213	
2P	0	0	0	0.5917	
3P	0	0	0.0882	0.06091	
4P	8.057	0.5578	0.003854	0.002693	
3D	0	0	0.05547	0.03144	
asymmetry					
3S	2	2	2	2	
4S	2	2	2	2	
2P	0	0	0	0.7728	
3P	0	0	1.594	1.571	
4P	1.844	1.215	1.58	1.566	
3D	0	0	1.12	1.071	
-					
SILICON	14	Si	240	200	160
2S	0	0	0.01895	0.01303	
3S	0.288	0.4232	0.001617	0.001048	
2P	0	0	0.01914	0.01112	
3P	0.3303	0.3288	0.0003246	0.0001919	
asymmetry					
2S	2	2	2	2	
3S	2	2	2	2	
2P	0	0	1.105	1.026	
3P	0.6344	0.7754	1.068	0.9904	
-					
SILVER	47	Ag	192	192	192
3S	0	0	0.05493	0.04178	
4S	0	0	0.01211	0.008858	
5S	0.03113	0.03504	0.0003656	0.0002744	
3P	0	0	0.2225	0.1651	
4P	0	0	0.03859	0.02764	
3D	0	0	0.4052	0.2474	
4D	16.62	37.48	0.03363	0.02174	
asymmetry					
3S	0	0	2	2	
4S	0	2	2	2	
5S	2	2	2	2	
3P	0	0	1.571	1.602	
4P	0	0	1.688	1.673	
3D	0	0	1.203	1.209	
4D	-0.3695	0.4564	1.275	1.264	
-					
SODIUM	11	Na	171	92	242
1S	0	0	0.1781	0.1165	
2S	0	0	0.008555	0.005825	
3S	0.1001	0.0478	0.0001313	0.00008622	
2P	0	4.292	0.004665	0.002597	
asymmetry					
1S	2	2	2	2	
2S	2	2	2	2	
3S	2	2	2	2	
2P	0	-0.2907	0.8701	0.7882	
-					
STRONTIUM	38	Sr	0	255	0
3S	0	0	0.03426	0.02563	
4S	0	0	0.005313	0.00394	
5S	0.1014	0.07756	0.0004897	0.0003549	
3P	0	0	0.1262	0.08917	
4P	0	3.307	0.0148	0.01047	
3D	0	0	0.1186	0.06934	
asymmetry					
3S	0	0	2	2	
4S	0	2	2	2	
5S	2	2	2	2	
3P	0	0	1.612	1.6	
4P	0	1.847	1.637	1.614	
3D	0	0	1.177	1.138	
-					
SULFUR	16	S	255	255	48
2S	0	0	0.02782	0.01941	
3S	0	0.4493	0.00289	0.001935	
2P	0	0	0.03866	0.02265	
3P	4.371	0.6051	0.001764	0.001053	
asymmetry					
2S	2	2	2	2	
3S	2	2	2	2	
2P	0	0	1.225	1.153	
3P	1.852	0.1232	1.182	1.107	
-					
TANTALUM	73	Ta	77	166	255
4S	0	0	0.0386	0.02951	
5S	0	0	0.0074	0.005562	
6S	0.06922	0.0795	0.0006778	0.0004984	
4P	0	0	0.1326	0.1026	
5P	0	0	0.02058	0.01551	
4D	0	0	0.293	0.2145	
5D	18.44	4.898	0.005913	0.004283	
4F	0	0	0.2194	0.1274	
-					
TECHNETIUM	43	Tc	59	158	158
3S	0	0	0.04555	0.0344	
4S	0	0	0.008967	0.006627	
5S	0.1015	0.1085	0.0008309	0.0005961	
3P	0	0	0.1792	0.1298	
4P	0	0	0.02784	0.02003	
3D	0	0	0.25	0.1502	
4D	22.11	13.14	0.009736	0.006034	
asymmetry					
3S	0	0	2	2	
4S	0	2	2	2	
5S	2	2	2	2	
3P	0	0	1.606	1.613	
4P	0	0	1.672	1.656	
3D	0	0	1.21	1.195	
4D	0.05854	0.8906	1.245	1.209	
-					
TELLURIUM	52	Te	212	122	0
3S	0	0	0.06629	0.05135	
4S	0	0	0.01727	0.01275	
5S	0.02249	0.2137	0.002321	0.001692	
3P	0	0	0.275	0.2099	
4P	0	0	0.05779	0.04212	
5P	4.758	0.5043	0.003587	0.002642	
3D	0	0	0.672	0.4205	
4D	0	0	0.07684	0.04979	
asymmetry					
3S	2	2	2	2	
4S	2	2	2	2	
5S	2	2	2	2	
3P	0	0	1.46	1.548	
4P	0	0	1.697	1.691	
5P	1.87	0.8943	1.718	1.709	
3D	0	0	1.131	1.185	
4D	0	0	1.317	1.295	
-					
TERBIUM	65	Tb	48	255	199
4S	0	0	0.03096	0.02344	
5S	0	0	0.005385	0.004055	
6S	0.07762	0.06119	0.0004578	0.0003361	
4P	0	0	0.1074	0.08123	
5P	0	4.194	0.01509	0.01127	
3D	0	0	0	1.167	
4D	0	0	0.2128	0.1482	
4F	0.8355	2.839	0.05255	0.02931	
-					
THALLIUM	81	Tl	166	84	77
4S	0	0	0.04812	0.03714	
5S	0	0	0.01165	0.008787	
6S	0.04359	0.1169	0.001263	0.00094	
4P	0	0	0.1633	0.1288	
5P	0	0	0.03413	0.02609	
6P	0.4204	0.06224	0.0003137	0.0002401	
4D	0	0	0.3865	0.2949	
5D	0	53.07	0.04716	0.03521	
4F	0	0	0.5008	0.304	
-					
THORIUM	90	Th	0	186	255
4S	0	0	0.05982	0.0468	
5S	0	0	0.01873	0.01409	
6S	0	0.2084	0.004019	0.002961	
4P	0	0	0.1993	0.1605	
5P	0	0	0.05729	0.04352	
6P	0	2.914	0.01071	0.008189	
4D	0	0	0.4843	0.3864	
5D	0	0	0.1012	0.07687	
6D	8.905	1.459	0.002189	0.001647	
4F	0	0	0.9895	0.6243	
-					
THULIUM	69	Tm	0	212	82
4S	0	0	0.03455	0.02625	
5S	0	0	0.005939	0.004458	
6S	0.06597	0.05651	0.0004629	0.0003375	
4P	0	0	0.1189	0.09159	
5P	0	5.803	0.01574	0.01189	
4D	0	0	0.2497	0.1797	
4F	1.112	2.493	0.1217	0.06917	
-					
TIN	50	Sn	102	128	128
3S	0	0	0.0619	0.04753	
4S	0	0	0.01506	0.01108	
5S	0.06435	0.1813	0.001693	0.001242	
3P	0	0	0.255	0.192	
4P	0	0	0.04956	0.03589	
5P	1.173	0.1432	0.00109	0.0007747	
3D	0	0	0.5551	0.3442	
4D	0	8.636	0.05773	0.03713	
asymmetry					
3S	0	0	2	2	
4S	0	2	2	2	
5S	2	2	2	2	
3P	0	0	1.519	1.576	
4P	0	0	1.694	1.685	
5P	1.831	0.7886	1.708	1.685	
3D	0	0	1.17	1.203	
4D	0	0.3839	1.304	1.279	
-					
TITANIUM	22	Ti	191	194	199
2S	0	0	0.06057	0.04422	
3S	0	0	0.009115	0.006418	
4S	0.195	0.143	0.0006835	0.0004828	
2P	0	0	0.1746	0.1069	
3P	0	0	0.01752	0.01104	
3D	5.069	4.019	0.0003606	0.0001894	
asymmetry					
2S	2	2	2	2	
3S	2	2	2	2	
4S	2	2	2	2	
2P	0	0	1.436	1.397	
3P	0	0	1.412	1.353	
3D	0.1355	0.5485	0.7876	0.7259	
-					
TUNGSTEN	74	W	33	148	214
4S	0	0	0.03965	0.03048	
5S	0	0	0.00789	0.005907	
6S	0.06529	0.08196	0.0007291	0.0005374	
4P	0	0	0.1363	0.1057	
5P	0	0	0.02204	0.01665	
4D	0	0	0.3045	0.2243	
5D	24.83	7.999	0.008826	0.006518	
4F	0	0	0.2463	0.1449	
-					
URANIUM	92	U	0	143	255
4S	0	0	0.06238	0.04892	
5S	0	0	0.02036	0.01513	
4P	0	0	0.2069	0.1673	
5P	0	0	0.06144	0.04741	
6P	0	3.032	0.01071	0.008263	
4D	0	0	0.5029	0.4058	
5D	0	0	0.1101	0.08387	
6D	4.018	0.6811	0.001007	0.0007612	
4F	0	0	1.121	0.7138	
5F	0.6423	6.047	0.0203	0.01339	
-					
VANADIUM	23	V	166	166	171
2S	0	0	0.06641	0.04876	
3S	0	0	0.01024	0.007382	
4S	0.1831	0.1442	0.0007539	0.0005352	
2P	0	0	0.2117	0.1308	
3P	0	0	0.02118	0.01354	
3D	5.8	5.934	0.0008079	0.0004271	
asymmetry					
2S	2	2	2	2	
3S	2	2	2	2	
4S	2	2	2	2	
2P	0	0	1.449	1.419	
3P	0	0	1.441	1.386	
3D	0.02253	0.4533	0.8252	0.7618	
-					
XENON	54	Xe	66	158	176
3S	0	0	0.0708	0.05501	
4S	0	0	0.01957	0.01454	
5S	0	0.2146	0.002943	0.00222	
3P	0	0	0.2939	0.2273	
4P	0	0	0.06656	0.04883	
5P	12.87	1.149	0.007647	0.00516	
3D	0	0	0.8023	0.5067	
4D	0	0	0.09826	0.06479	
asymmetry					
3S	0	0	2	2	
4S	0	2	2	2	
5S	2	2	2	2	
3P	0	0	1.37	1.507	
4P	0	0	1.697	1.696	
5P	1.882	1.057	1.727	1.695	
3D	0	0	1.075	1.157	
4D	0	0	1.327	1.313	
-					
YTTERBIUM	70	Yb	0	191	56
4S	0	0	0.03542	0.02694	
5S	0	0	0.006064	0.00454	
6S	0.06319	0.05539	0.0004637	0.0003386	
4P	0	0	0.1217	0.09397	
5P	0	6.296	0.01592	0.01204	
4D	0	0	0.2587	0.1871	
4F	1.19	2.417	0.1449	0.0827	
-					
YTTRIUM	39	Y	148	255	255
3S	0	0	0.03646	0.02727	
4S	0	0	0.006075	0.004516	
5S	0.1137	0.09302	0.0005673	0.0004268	
3P	0	0	0.1363	0.09695	
4P	0	4.329	0.0173	0.01217	
3D	0	0	0.14	0.08223	
4D	4.809	0.513	0.0007401	0.0004422	
asymmetry					
3S	0	0	2	2	
4S	0	2	2	2	
5S	2	2	2	2	
3P	0	0	1.613	1.605	
4P	0	1.974	1.645	1.621	
3D	0	0	1.185	1.155	
4D	0.6208	1.403	1.206	1.156	
-					
ZINC	30	Zn	125	128	176
2S	0	0	0.1036	0.07982	
3S	0	0	0.01925	0.01418	
4S	0.05954	0.1148	0.001148	0.0008342	
2P	0	0	0.6057	0.3907	
3P	0	0	0.05671	0.038	
3D	3.6	7.348	0.02017	0.01117	
asymmetry					
2S	2	2	2	2	
3S	2	2	2	2	
4S	2	2	2	2	
2P	0	0	1.254	1.4	
3P	0	0	1.56	1.526	
3D	0.2488	-0.1297	1.042	0.9824	
-					
ZIRCONIUM	40	Zr	148	224	224
3S	0	0	0.03877	0.02892	
4S	0	0	0.006841	0.005004	
5S	0.1152	0.1014	0.0006274	0.0004785	
3P	0	0	0.1464	0.1049	
4P	0	5.183	0.01988	0.01416	
3D	0	0	0.1633	0.09685	
4D	12.19	1.737	0.002022	0.001215	
asymmetry					
3S	0	0	2	2	
4S	0	2	2	2	
5S	2	2	2	2	
3P	0	0	1.613	1.608	
4P	0	1.955	1.653	1.635	
3D	0	0	1.194	1.166	
4D	0.4932	1.269	1.218	1.172	
-					
